12 12
64
1
Resources\Images\Tiles\tilesheet.png
4 3 0 64 0 0 0
4 4 0 64 0 0 0
4 5 0 64 0 0 0
4 6 0 0 0 0 0
4 7 0 64 0 0 0
4 8 0 64 0 0 0
4 9 0 64 0 0 0
4 10 0 0 64 0 0
4 11 0 0 64 0 0
5 3 0 64 0 0 0
5 4 0 0 0 0 0
5 5 0 64 64 0 0
5 6 0 64 64 0 0
5 7 0 0 0 0 0
5 8 0 64 0 0 0
5 9 0 64 0 0 0
5 10 0 64 0 0 0
5 11 0 0 64 0 0
6 3 0 64 64 0 0
6 4 0 64 64 0 0
6 5 0 0 64 0 0
6 6 0 0 64 0 0
6 7 0 0 0 0 0
6 8 0 0 0 0 0
6 9 0 64 0 0 0
6 10 0 64 0 0 0
6 11 0 64 0 0 0
7 3 0 64 64 0 0
7 4 0 0 64 0 0
7 5 0 0 64 0 0
7 6 0 0 0 0 0
7 7 0 0 0 0 0
7 8 0 0 0 0 0
7 9 0 64 0 0 0
7 10 0 64 0 0 0
7 11 0 0 64 0 0
8 3 0 64 64 0 0
8 4 0 64 0 0 0
8 5 0 0 0 0 0
8 6 0 0 0 0 0
8 7 0 0 0 0 0
8 8 0 0 0 0 0
8 9 0 64 0 0 0
8 10 0 0 64 0 0
8 11 0 0 64 0 0
9 3 0 64 64 0 0
9 4 0 64 64 0 0
9 5 0 64 0 0 0
9 6 0 0 64 0 0
9 7 0 0 64 0 0
9 8 0 0 64 0 0
9 9 0 0 64 0 0
9 10 0 0 64 0 0
9 11 0 64 0 0 0
